age,income,loan_amount,savings,credit_score,years_employed,debt_ratio,num_dependents,approved
0.6820694900626313,0.5396525946322723,2.7790348065668278,-0.5994485194273338,0.2634986712120675,0.05022510588491946,0.12617790366196718,0.540070773245192,1
-1.1306153349375263,-0.6285207611007466,1.8975309523792945,0.9142874922497518,0.058927874002552394,-0.5199205730564136,0.6227112239002686,1.4965689485456746,0
-1.466785190615677,-0.7768429452687752,-1.5881551466373676,0.7859850572362466,-2.8248231827211088,1.112359350803175,-0.5014021468856367,-1.2930434331951193,0
0.4581681147886987,-2.56913252048221,0.5875661686948601,-1.369819757153818,-0.3399869177754399,-0.340855039933209,-0.9797212247168068,-1.3846088323018837,0
1.4769344261182744,-0.6992619994423125,0.7520819044989593,1.060880301986574,1.12346469251335,3.998698371508666,-1.167779551267935,-1.697894040708432,0
-0.23811043631205406,-0.027556107249031125,1.6310018104939796,1.280915415115652,-0.49596189376055433,0.15647954699871414,0.04600274725327412,1.3066860495427948,0
-0.33912227927003874,-2.4413768983752804,-0.6011464726377445,-1.7559647689588842,-0.3668984688316558,1.4341411792935939,0.37006111526895535,-3.2414867243782775,1
-1.3495762115515322,-0.574299033028274,1.0928849805739485,-1.2671562363412663,-1.9108671444652576,2.4413809270109317,-0.41521376790527154,-2.7798583265549945,1
1.3764964500195378,-1.8914327939039124,0.7112320648479767,0.008716007491019084,-0.9105473538200929,2.2739468684541864,0.3131321400131553,-1.9806089668295157,1
0.19548173155329082,-0.5024187871282362,2.096994958452189,-0.26136156057595583,2.059283260126155,0.4072716574092897,-0.09884520123930605,0.35474947107858135,1
-0.45909031021899177,-1.2028542341714474,0.34609521569772883,1.3981150198118066,-2.3957703866757205,-0.15153999202807167,-0.6946003691631446,0.6027947198180647,0
1.2395840064415615,1.978743645106114,2.070539094316831,-1.567196430218307,-2.275154536961023,0.6198911231638824,-0.39622967810175985,-0.8419562466105721,1
-0.7353034606819523,-1.3108852141436151,0.13736903216075524,1.755742159108426,-2.364481247579457,-2.2093861049039223,0.7214793237573432,2.2069400277223448,0
1.667224111551137,-1.960543471055221,-0.6849744143010321,-0.8883658202054032,-0.28554274734353535,-2.197959676682082,1.5232386217122582,0.04344750782095266,0
-0.3270173176097711,-3.6985141227668414,-0.017264190420426928,-0.14027097931082144,0.5942448528659345,0.719209251006063,-0.21345677935043825,-1.494260260394145,1
-0.6578345538521371,-0.7029643148450957,1.2350630012640373,0.8289964744273519,0.20397538465011833,2.0791722250513973,0.8545252270666157,-0.5565729828858135,0
0.4086073077017676,-1.118516581356457,1.5523286325290244,0.5264959872388205,1.5037123040416183,1.751935157380828,-0.3078084711388841,-0.3745415446492748,0
0.03402741107223205,-1.9222926610148685,2.2647587854308635,-0.5164704467014529,-1.1379448085548,-0.8923111435662772,0.11137260184005242,0.220914887350265,1
0.861636124497944,-0.4071666163858738,1.5353382358113348,2.92059898700296,-2.5428028943819556,-1.324121801670722,0.13906039865341766,3.147407607417233,0
-0.002403840918853844,1.4318378764526818,1.6627408686266065,2.7681287809159603,-1.2784318450762922,-0.07690288718292071,-0.5892716517893062,2.89734157446353,0
-1.365824155415439,0.8339366818129139,2.458824262111016,3.4676429292794597,-0.7369468928414238,-2.286235948616244,-0.14896930976729691,5.132093754647,0
-0.061764199860128925,-1.4961987964076666,2.4067719898556694,-0.5953453780132743,0.0009508381226572826,-2.5943632252037117,0.4794415180860639,1.6650244211558445,0
-0.5289777080640152,0.3229797118666311,-0.7791040861934131,2.12848360565854,1.980884568590859,-0.7684817474058525,-1.0565576427602528,2.342050261268937,1
2.1247714030169615,1.17109011802137,0.45076767099595194,-2.4155694606398947,-4.60770039579023,2.543126015447749,1.3313390619884031,-3.904372434447139,1
-0.28438464960650933,-1.4760355495859203,0.6823515651075718,2.6904926717090865,-5.291657477396356,0.711471638482847,1.5905820726178503,0.590557630786832,0
0.714609790636618,1.9811283700021987,-0.08166973265565791,2.5028734590535553,-1.7148590534627148,0.8270560570551806,-2.049941278577478,1.6087573858622337,1
-0.21566763754763232,-2.326347644069396,0.9192373696987324,0.18155796740928443,0.04648546264358688,-1.0567008106760707,-0.8729610904537004,0.5420206047683379,0
-2.529560077694303,-0.6582921500433602,-0.3708553168878028,2.068164327201714,0.5498014497031014,2.2714563377108723,-0.29660745906979835,-0.15300539253900022,0
-0.5938114080687051,-0.3071599743034227,3.1889498247255545,2.5739646580207145,-1.6701612517468938,-0.8147975062727966,-0.16563141031763223,3.201479400012995,0
-0.38769991640856116,-0.264187211251665,1.7759325812927733,-0.40064356661645506,0.7268213269349684,0.676862920389915,-0.41361566562964275,-0.18477617579182365,1
-0.13939720066323416,0.22652597122607243,-2.8530198950076215,1.9804229330281573,0.35754406739552047,-0.025994323875831782,0.7396531517246714,0.7959814312297119,1
0.46926758980852623,-0.986766782250762,1.7323488806321183,-0.009657730851380997,0.19502529843996874,2.3088578333971195,-1.5355721232071058,-1.2903257875884422,0
0.07125374991089249,-0.899103205797193,1.337197887757271,-0.8319246413382011,-1.1455623898421399,1.1046682385578315,-1.2935076252040958,-1.4128198347284933,1
1.5898389781806839,-0.5931887198635417,0.022518785555913134,1.5745990900196842,-1.7057372084558193,-0.9653858550759894,0.5740712208940013,1.469734445201571,0
-1.5171736966716791,0.5664526733392636,-1.945844519489424,0.5964386438317564,0.9304370065855715,0.7357278221443051,0.7505791675217656,-0.3444978152374446,1
0.08520944963390106,0.062383987464388335,-1.4798652735162803,1.5805245539039445,2.846253731258571,-0.021341658951016917,-2.9911359709007233,1.2536500558427088,1
-0.41142660711600243,0.6325599757378673,-1.2389567301475601,0.6000402179340731,0.8641459587173088,0.7857382301937148,1.1539007342557472,-0.15108954690605106,1
0.2125740306322149,0.008689009925175295,2.564415832743084,1.866952094647408,-1.5719211609409833,-1.7391762274994247,1.0269862633197322,3.192926994943343,0
-0.28744751940035557,-0.926867290500683,-4.875552343405988,3.462091647055127,3.021750356458825,-0.1557292993961199,0.2873289044030093,1.5292721974231327,1
-1.548960525053475,-0.6705904869292503,0.6661975426524005,0.9948286737818752,-0.015100411134185365,-1.4876469814831825,0.2579759812211809,1.821738933243127,0
0.14125714008746323,0.8511672788542847,-0.820235765739645,3.0993118752624347,-0.09856857464974911,0.11506390086577967,-2.1305664798072006,2.2899915535890605,1
-0.8153756283161211,-1.3712271084367353,1.3002548490874757,-1.571104465754009,0.4846869663248503,-1.3367482862498874,-1.066234931899225,-0.19017317045924648,1
-1.0896330373423884,-0.616122066336664,0.7897792805421181,1.5560347142143325,0.6015549392221442,2.3654576955794306,-0.7847619081277034,-0.23905003910171682,0
-0.936506374789596,-2.1457288638869088,-1.0149896437783799,0.9198485474908612,1.9995628580049585,-1.5871935640328632,-0.6677795564688862,1.2404734851414396,0
1.1947628618769377,-1.2788710431647798,0.29041616707451046,-2.0335027856860948,-1.2447151540724986,0.08406557003441117,0.8946471875738723,-2.0856239038705278,1
-0.18689615816198485,1.7986517354654814,-1.2528361216001929,0.7368877591890082,-0.5560002096974865,1.3450224356177845,-1.6304732437151401,-0.3481933349244917,1
1.2468917155347194,-1.2667167514411661,1.1702750802109612,0.9007760473816261,1.460694044093069,-0.4862721648161388,-0.062004009366031745,1.2907017481845118,0
-0.7309562757154733,-0.3401373307045281,-2.223605138683288,2.8475472526409087,3.7076465492588033,-0.5484809248639333,0.7579218499236196,2.4018042658487273,1
-0.5312142946075985,-1.0701178356615673,0.16873658532918956,1.4039872537244673,2.0683464790950854,2.2248815080274844,0.48387665118803974,-0.3412695387077584,0
0.7793490039053323,0.14786318900341766,-0.26148388191309824,0.35696072499371023,1.4678490286263481,-2.437293624733636,-0.03901951937754412,2.1422389818801975,0
-1.5350402475323597,-0.6778910386490913,3.2175569388467853,1.274024997007518,-0.12967888254592508,-1.5609255686567458,-1.8800100339077637,2.855874745720657,0
0.3467099776049199,-1.2692610853175306,0.4760566023241921,-1.8603811104950059,-2.696947976385398,0.6595705958656037,2.5115565515844236,-2.5154101247941627,1
0.2314459225255723,-2.4503695680692608,2.975171511352438,-1.204276569628477,-0.4440306639424756,0.07148726461191401,0.6464895377257707,-0.7880082817203606,0
-0.05658848889989584,-0.9279547817500415,-2.1376577284840286,4.260327442672953,4.069357515542169,-1.4338557344027412,1.2189707897936632,4.0374637269739,1
-1.10486279306252,-1.807714744235647,0.5744107387670065,-0.11340043588470716,1.205624316933584,0.5330359320310394,0.22054142701386686,-0.5660328802476586,0
0.2243396567780826,1.0799659232916659,2.1018792413746867,-0.5578450355482787,1.0049741158136074,0.4669090220635357,0.9040175547613144,0.33735613295017225,1
-0.9162741005637249,0.017994462017093316,1.2460671541226263,1.5002320465961017,-0.6110316733462621,-0.37702720781614063,1.3554428011054958,1.7191768697345227,0
-2.9069882193216414,-0.8400225817357881,3.03074659584863,0.4957343599870999,1.2123160653458362,-1.231815509702812,-0.3748220566218061,2.135051304090435,0
-1.5614932224418594,-2.248867975108971,2.432750823843554,-0.4778412191505439,0.9640904671350035,-2.628108029111293,1.503419828428999,1.7401754271377161,0
-0.9489165208248372,1.6068477092865567,-2.7475364701046354,-0.11234861345005398,-0.8239638018013795,2.570817976060232,1.7473631979155582,-2.4050806989049596,1
1.9541574337502863,-0.9334646884564436,0.6425314513982343,0.6977891114732175,0.6820925615367144,3.14999928815756,-0.5057467042619367,-1.5627257315905514,0
-0.38502181171286365,-1.2261710972709545,0.4710934057365599,1.4615748751250026,2.021829610018825,1.1166636138934318,0.38298898474092846,0.5094999508382068,0
1.223083067095325,-0.0903102554300248,-1.485419928585152,2.580146683674065,2.5005885122989513,-0.23554458854676064,-0.25885440036983165,2.082154609085365,1
-0.2788833941507565,0.09041045625854505,0.6105559683824369,3.2890384243254527,0.054568128375459435,-1.336360554695263,0.8451579711843216,3.6986084396372076,0
-0.6039806259692295,0.33485924167011427,-1.3434540620497635,3.732812307235414,1.7226026369274374,-0.061586584248523035,-0.22954865536034708,2.893425718373464,1
0.1455211977682408,0.2939537900625733,2.9027583255838785,-0.6039799666593062,-0.6675121143887964,-0.44419195041201753,-0.6141225650083162,0.7025747217616986,1
-0.07397286359437803,-2.032593484987536,1.0540602938704264,-0.3123437324168332,0.9130775634623765,-0.4127637070503152,-0.07566560432583026,-0.028847179617084686,1
-1.28716356858425,0.7157580576197983,-0.23524052330092127,3.284208534409031,1.5097215757597398,-0.08742329189621678,-1.3971181851129912,2.9709746682872997,1
0.38897872935218375,1.8563729814940508,-0.5407796476583069,1.926891834429913,-0.8585495032737913,1.7705446417941744,0.2514736089405121,0.4726808793627006,1
-0.09445871444200275,0.7597008820383431,-3.042281843184745,-0.41941605344814237,0.8948135007056646,1.255466836811903,0.41960997202411815,-1.784617324850544,1
-0.3613105619672905,-2.406333636432186,0.7347027136661094,-1.182369801835055,-0.11085658713125202,0.2989274221303869,-0.06418416128881928,-1.5537076812727326,1
-0.09338685889994829,0.44421050214241686,-0.2522156747430625,0.773731860108902,1.8216803810078086,0.49278733339650593,-0.5293321124483709,0.5905847846105119,1
-1.1967886464263116,-0.0409778019204865,1.248387131720382,1.5956206394938186,-0.7023042668338524,-1.9565735151102404,0.8936976893891109,2.8493500124043303,0
1.4185313451480366,-1.3634295801272434,2.2420331741840744,0.6285620563240992,-0.8579486905148118,-0.19366716954119068,-2.4878086565350794,0.8171450803868717,0
-0.581782033392054,-0.3974814788495721,2.6095025878292875,-0.35226828854924275,-2.6892066796082643,1.9217376494450744,-1.1738799644089726,-1.3191600599583462,1
0.07268052432934134,1.9515506020857567,1.269614160978091,1.1438905806617141,0.08042096682129196,1.7968066209417084,-0.4114931445621802,0.5765400908597004,1
1.3995946451457935,-0.8487637809025853,0.39033847669952404,0.6789979629628242,1.2709568872105947,-4.011453620273058,-1.342127748485115,3.3803995062273144,0
-0.12373268009975662,-0.6754022149396819,0.9248197050164111,-1.365170231834342,-0.3473955973238406,1.03579484081367,0.45780560992578473,-1.7225900485135368,1
0.22899639245934025,-0.5476402902683389,-1.1952533126434672,1.9810862199822417,-3.488944959990409,-0.7047211749632811,-1.8579014513982872,0.9626023669636489,0
-0.19469729611668168,1.3384980668937703,0.3559485203978141,0.4203850629872117,0.9840711658603792,0.3703920912738592,-0.06418817710849775,0.691931130844283,1
0.38680852068920263,-1.5134359705490215,0.5828501723695158,0.7617853675039925,1.0080960445847431,-1.405733173106071,1.090980425185967,1.4964986240402178,0
-0.3294477863470914,-0.5465825794610732,2.1152563412785903,1.507334867161392,0.28210014955577223,-1.7786110109897888,0.7318707042882956,2.946878476138505,0
0.45060341286253885,1.9145741611306075,-0.13951902250005288,-0.8746506083724106,0.0005239366822344937,2.14010847377149,-1.869816339532164,-1.6870364335324497,1
-0.12951724686344077,0.839415418350131,-1.9387900864611254,2.0454224877996676,0.7501089747475831,1.2680342335820889,0.5798572852951321,0.4634913445922693,1
-0.41619440488525394,0.8511201053547488,-1.7845886849508366,0.4170454817757442,0.06644576292660798,0.9001763311542557,-1.1300693390403578,-0.6081874651693646,1
0.216624975404619,-0.631449955496501,-1.0130051789875396,0.8372523044974708,-1.830637555342958,-0.9130895425928987,-1.0257526836402773,0.5109268163541552,0
-1.542801515209646,-0.0602920750765189,2.4607070441554306,-0.949766855474715,-0.1613569286896831,-0.633791140432947,-0.6327550298850391,0.41343711487390344,1
-0.03361256470371301,-0.5337848701113251,1.9988859039000093,0.7387969528034901,-0.32185960573988526,0.6283731602085454,0.4547409121411344,0.5673725429295771,0
1.1834936668899279,-1.454377035763506,-0.5492772389518787,0.8461220064809717,-1.9375649244367228,-1.266179456646371,-1.1780408673763807,0.6686202308850226,0
-0.2798103423770061,-2.4887778334119,3.7827642703793196,0.6908314249744303,-0.9692824582881469,-1.245249375305338,-0.9645377949101913,1.74752633089881,0
1.897767016745977,-3.567333154298934,-0.774000222106574,-1.372807044089123,-1.4817848277896646,1.2052166000914932,-0.9478927172689863,-3.313149811803666,1
-0.099094300241269,-0.8747168448568614,2.2427988862096586,0.5774206341552464,-0.7359671863003542,0.5005334871660596,-0.6028206557839616,0.4492604187989955,0
0.5737444210044131,1.028783176523738,2.228726714971594,-1.7636090700773344,-2.3393635948586,0.6067920632767296,-1.276304416538336,-1.1987053500849478,1
-0.22247489677826537,0.6097807704082967,1.6581335094466456,-1.2822634876170032,0.009738994956323577,0.005995706089148123,2.046862195719558,-0.32790871005680516,1
-0.17909328501615626,-0.7998453206825423,-1.2115407110483942,-1.864535876084774,-1.6701339597990024,3.843957989773993,0.3958197810959231,-4.9405611016268836,1
-0.36146276669398575,-2.405070211852649,0.6354537186648757,0.2554835301955555,-1.8844584265608013,-1.619776758022065,0.41644603810145264,0.5737450896302756,0
-0.35141423571373254,-1.3605144849902073,0.31754988793616834,0.8137271943719656,1.3668240939577154,1.2857407433129429,1.5634133588321082,-0.2969968378862438,0
0.6404797952008238,-0.21165997635337486,-1.0100099486635163,0.9130575480640687,2.8040810413430446,-0.18465765325802064,-0.19050310599781134,0.9120267508905401,1
1.1797252083607102,0.153939402238634,-0.1960982446030186,2.8913033772955408,-0.43016494983762454,2.486630689516425,0.1941076309533577,0.45425303739802586,0
1.7120402840178925,-0.5233607137178427,0.7234947667786982,-1.0766570756281895,-2.1664998835534717,2.044872380534624,-1.7476365098282616,-2.499855243968532,1
0.6855077387902041,-0.12534322427763356,-3.801444830205985,0.8411922076664631,-0.4066078075787778,-0.3315068576224598,1.8486088332964115,-0.3867063833415108,1
-0.7296024698074095,1.5016044800426331,-0.36770486264385405,-1.6927085316181176,1.0771289057285025,1.8425638958619646,0.3614173172731029,-2.129269350279626,1
0.3676492929914216,-1.9262268792368438,1.908663926932384,-0.8084309430813434,1.4274819404527037,0.21024288509664957,-2.100026507651624,-0.4702785887570926,0
0.5320061988219431,0.7761273827903903,4.443384505490997,2.9366711564424217,-0.2783117396866641,-2.636280418836342,0.3616610612470166,5.628110320042901,0
-0.5555467794868666,0.7749749208920105,-3.2565265802810397,1.3239790474192805,-0.1943312231665164,1.264240183366982,0.20438903160297678,-0.6675014668214914,1
1.6957228778108653,-0.31482181281920507,1.297456534886029,-1.2449256486435092,0.542728019014689,-0.862814535369326,1.8972886947731116,0.02606606696981603,1
0.9753124584779789,-2.168011137699285,2.183260340376318,1.856134350581796,-3.0700947702474535,-0.5310585563233818,0.5156280884439565,1.424493013997702,0
-1.9511018640386248,0.733904713520894,-2.351479992460866,1.6637108394998323,1.9708749793995848,0.9084556246648117,0.1435879365051602,0.4507230315721464,1
0.241321934916781,-0.755833158069783,1.284445906952588,0.7928525678495889,-0.541207337949233,-0.7861350347535516,-1.151014083619507,1.26767075826768,0
-1.2032008553891445,-0.609935672453393,1.6971517675120835,1.584488269836709,1.8560716311759178,2.6830326284721004,-1.042044412243103,0.04398377677677589,0
-1.6566232076777738,0.5071023728130963,2.0601967829652663,1.9745129050295414,0.2689162733590096,-2.337053476540248,-0.5244481362626519,3.9540850701666628,0
-1.8400777445057528,0.4342302751240932,3.0818097942468543,-0.6240463467039034,-0.9314294537245894,-0.6110172473001809,-0.032280611049470324,0.8523159190092613,1
0.6102161695892225,1.9428403260757503,-1.7352448083551981,0.4243254418057343,-0.21855696915659228,1.9562803638747135,0.15697296096843422,-1.0687551403674949,1
-0.10343122429028392,-0.9603230859809636,1.8876324596594105,-0.8374653469686795,-1.6052328754005831,-0.5139092626767605,-1.2390527025266425,-0.2240740700382095,1
0.46667098196608103,1.8525575243064283,-1.1446727588964758,1.2901870409753586,0.6813400052784249,1.476612045917311,1.52100622715938,0.2346447575790314,1
-1.0263692076658921,-1.8336031385411151,2.037534515128933,2.5241491205884317,-2.730484251515565,-2.344353223547169,1.23000057271915,3.287347693807156,0
0.20232879642280202,0.3707543763182687,-0.5984181379602183,0.6232956822404037,2.068780261811928,0.3552938654919451,1.631856899089109,0.48074546999112355,1
-0.5353350870162231,0.49785847457148413,-3.5603219208139403,0.25496522867664295,1.7135936572074817,1.1467852185338898,0.35845361820962024,-1.2850811981988992,1
-0.1755639454992155,3.3781243082802437,-0.028661645751559828,-1.9981932596976324,-0.5859431368330452,4.1208382236223535,0.6686548047579066,-3.593032596208662,1
1.230874513154735,-0.7505410952042704,0.13263904284243955,1.5011108254526846,1.2241068307718077,4.136306526956577,1.6850142787085094,-1.6384933739629455,0
0.31745326125017514,1.769516311542557,0.6969813124611774,0.14827529150972418,0.5675439503710217,1.123551149127763,-0.33286040438251124,0.11630923578966144,1
0.42548993324023027,1.2121734827545754,-0.05234111711836631,-0.5199357852042452,0.8048034982953943,1.0110243262082637,1.197246923645228,-0.6675884092807178,1
-0.11676591579524663,-2.308914513299011,0.35938978775913144,-0.8709034146812078,1.9389412877035586,1.8312847278434332,-0.6355578414044034,-2.130933259609562,0
1.9725421767898081,-2.4276934627407933,-1.8732508096066298,-1.8821538941620815,-1.9640057128928743,2.799378242031326,-1.385987942398998,-4.917923974635069,1
0.35250496835687956,2.0493051917517304,-1.634763655290303,-0.39250277803561984,-0.17036782263129457,2.77219720623303,-0.5703513664136806,-2.198269165595748,1
-1.703871586826719,-0.16928203312449963,0.9505476533364837,1.8936632683897563,-0.5207062213598908,0.5890409812000775,-0.9244659881295544,1.2351836711478377,0
0.2837510236615011,-2.1745061899425604,-1.00046797934395,0.7355038169474297,-1.988771657431298,-2.4606101337465387,-0.9878733409007492,1.065325370237686,0
-0.4776455826040052,0.14622375113533503,2.3334786765821325,-0.43081755176660397,0.23995027713639616,0.17425419518717866,-1.2551353719733949,0.3408608019350211,1
0.5628808601743548,-1.2908610727981866,1.8509503719613862,0.05657916841225874,1.250025667674345,1.9462903380809746,-0.8798143535020543,-0.8673516165960666,0
2.0860470495371137,-3.0689316223344756,2.437544814703088,-0.5812972039551343,-0.6505581342369169,-0.08869149202337023,-1.0147594931858521,-0.5551884491623594,0
-1.1617838439123638,1.6259841343491674,-1.738867209578774,0.745957389795882,-0.2606043637388069,1.2422261124105038,-0.28313889674376713,-0.4194965934744516,1
0.33085130461557777,-1.1774663917948365,1.2720733831824667,-1.1151851891608522,0.5014144129327562,-0.9118270600595042,1.451001438131336,-0.0820384230426236,1
-0.7170161491279362,-0.9453423144625325,2.0423040662072633,-0.8169871168739042,-2.6974449510816805,0.37352938742578534,-1.2845842656999693,-0.9383492599391791,1
-1.0501407396021456,-1.7678955479033416,-0.2758661418612329,1.2903352874925906,-2.2666665809665116,0.18021757663607985,0.7574951493374855,-0.030012230635187234,0
0.6870657958589163,-2.14733605414584,1.4804534939200211,-0.08507181085824334,1.980539720058721,-0.2081040794877218,1.466540859278603,0.2767247444946187,1
0.05225849049748321,-2.7895377577834797,-0.3731055574553961,-0.747802694066785,1.4642990546730053,1.2219560619762038,-1.060605066396601,-2.044365983645103,1
0.5522999376795232,-0.7977047722684463,1.215068008606009,0.8968604855384444,-0.029109061661693802,0.5439034626479939,0.6256309336460009,0.48305706215372834,0
0.4322629506341555,-0.33632629848296736,-0.8649641599343931,0.10516143992438565,1.193725432515305,-1.0925367030516682,0.47004418736820214,0.664921397131584,0
-0.19793772898468187,-1.5329314976527297,-1.1287418189767577,-2.9839572649253663,-5.4689875422334975,0.8965492215844286,2.067906338163552,-4.554085368389049,1
0.5731278132412001,-2.2552246647524044,1.5149416610151971,-1.5863095998095882,1.4762373883625235,2.025178311438965,-1.7858664919341112,-2.5234117268651293,0
-1.9670697035871523,2.2354887419884713,-0.39071879176955304,1.045047937250605,-0.18591261011828997,1.7077629170850366,-1.1171864617070024,0.08217319507783666,1
0.3350580290841175,-1.281771729100377,1.0757789195956424,0.028699091467913607,1.4998531723906432,3.7169641860278353,0.3161559571827783,-2.3027605448539763,0
0.4359753895000459,-1.1577171434002675,1.1834291043440333,-1.2768395376550705,-1.3132775132276957,0.7484164523463421,-2.5322460852196853,-1.6566281469432496,1
0.8794170411374032,1.352900024987858,1.4412395228457284,-2.121786830419948,-3.3750432654454845,2.1997570422158033,-1.0773760769847582,-2.892072110453756,1
-1.372859451481064,-1.8107211028149777,-0.052183122302213336,-1.7141027618677205,-2.23107841593943,1.2126159086020132,0.35147990035220167,-3.0143159791492518,1
1.088769654216672,-1.249879262841885,0.8491778797585419,-0.944788789429979,-0.6243892534982679,1.3852936371603488,-0.37630072492499606,-1.8546349407543388,1
0.8407344821295493,-0.2837511625421433,1.4706935561105905,-0.39930741154493976,-1.6605066486518028,2.7373185012780126,0.2078025073533134,-2.0749152277066125,1
-0.5865312695639355,-0.4934939164241121,-1.1522991254308035,2.143060702440202,2.073606465677991,-1.4033695964124462,0.224216404290793,2.472975517824946,1
1.1218578562304709,0.4880927044905534,-2.226146290037384,3.0990368399473103,-3.3474898992550477,-0.8673380544058265,2.3200407220172594,1.9231299852793398,0
1.1356201471829441,-1.6217495631979677,-3.6034512062600688,2.7275836323691385,2.800982110381401,-1.3784734299896728,-1.1062935124116342,1.971075231611063,1
0.8481742126666681,-1.4735815634644456,1.639895311381402,-0.05682641858252069,1.4333238667242576,0.23710000449275115,-1.232523314768509,0.13413124344721955,0
0.44130715169924584,0.17612552709255902,2.0526321838939445,0.9428272270649667,0.8960420352975793,-1.0752495240814073,-0.7331561971099966,2.2931262444657756,0
1.0817667276728287,-1.6420407466056228,1.4842415048820632,-0.5971773853876627,1.0666934618184776,1.61954401819294,-1.3122191934314063,-1.3865771392152335,0
1.2002617497388293,0.4974112795857557,0.28574768541589757,-0.4375529023859146,2.6703824682678983,0.7213488903613905,-0.463161362085399,-0.19544801144182833,1
-0.8783230771797389,-1.1341611575832362,3.9919084815788852,0.3091711043151213,1.7337946182994153,-2.3162013625701308,-0.3780078990182172,3.0354832357322614,0
-0.8343230454915821,-1.0841100603756775,0.8544087596808257,-2.181253308247773,-2.7959340327382582,-0.7838073820047191,0.7640297815728595,-1.6234067568582085,1
0.6255080168310357,-0.8249388266043061,2.1250891966034806,0.5642813061925191,0.2131323154428586,0.7916298653139392,0.885231482988991,0.3655233175461135,0
0.32297450361766816,-0.5637024934156553,3.040336952558311,-0.15372951407647362,2.011223427889569,-1.1369317584361989,-0.06100397185538355,1.766452423963121,1
1.4974316831796264,-2.434108829593309,1.3008972348102075,-0.37751526164750937,-0.2817290336358256,-0.0820551980846087,1.8577023435377324,-0.5253200996283588,1
-2.1523835446091804,-0.6313485952935174,2.591346637756212,0.1394371027774134,-0.2654396100729337,-0.8004519754826218,0.8764556455029355,1.2482812013119688,0
0.6032475005713938,-2.1843958345801777,0.02329377259987009,-0.20898777096814136,-1.6797226347466452,-0.1699654152283192,0.29815846599052565,-0.881828227272456,0
1.5163940552535728,1.44351690082839,-0.9004307378914174,1.8779682523160723,-0.3278081011790783,0.5701615768853792,0.6021183203924835,1.1227917548959478,1
2.218780233448134,-1.214243849688197,1.3525675181692196,0.29159801286377707,1.0635434700303088,1.3081829672292336,-0.1590452104000513,-0.40877677634394083,0
1.1806409124521446,-1.681941483363539,0.759332918242601,-0.9270035739931815,-1.4922567666788318,1.0155876519796605,-0.6273134459513029,-1.865674587457758,1
-0.4835614838465371,-0.3949609736740032,-0.8916502679557663,2.2900148091056396,2.081536408671919,-0.8018280448980635,-0.6121669171548207,2.2817450755488706,1
-0.8476339286190848,-1.307075712640457,1.7587124686785152,-0.5381399161723419,0.6512902028762334,3.3000355742148626,-0.6520888885930607,-2.387377154292002,0
-1.0708524186844388,-1.0287432022518659,3.2064713839936876,0.33627103641629996,0.9562300907480881,-2.489199784492886,1.9114190871397234,2.838666920938044,0
0.26044226333355597,-1.264886048744736,1.1862590749306872,1.1333641783679853,1.577643269312583,0.14175692794929362,-0.5388418561927383,1.064074418270925,0
-0.48720292119492714,-1.947982374028914,1.7257421961555113,-1.1541692296346486,0.9264832951168772,0.38139469814954874,-0.3519213178165091,-0.9980537839614637,0
0.0953441994413082,-1.1573451894793167,0.3247876750471791,1.317869654240942,1.2377858907203536,0.48485137561325187,-0.2634482160822491,0.6812919711470182,0
0.6654168236917787,0.12859910234238536,1.1830332517327733,2.4741658010229495,-1.7914468946723985,-1.317395042768284,1.9412174364637491,2.947028631898504,0
-1.6548874362282961,0.13662658177812814,-1.887358465871316,1.7507149412546958,0.9906082369011856,-0.20110490841133055,-0.9600462952794637,1.1111747144240443,1
-1.317131919946585,0.05017694561521702,0.505985400389158,0.8200125536202169,-0.5030730085332817,0.5007937129357432,0.7760279138434754,0.3840836751527124,0
-0.031058932870901952,-1.1341471431699262,1.0749324409434182,0.9982925850835328,1.4329489333581678,-0.12343197472758849,-0.9096834169818336,1.1186447404425706,0
-0.4500128579958137,1.8504440249625995,-0.6840608203411398,-0.5083499804517255,1.5114748562757323,2.5802480775690335,1.2571492168625729,-1.6510549383658109,1
-0.5258796758952039,-1.7789689896709289,1.3144983982147145,-0.4219557612782132,0.07062373469063932,-0.5422288521527207,0.17775010626803134,-0.010547461270426087,0
-0.20585943088034037,-0.019972481062686565,0.8386340401405763,2.4291766409754256,-0.5176405285205152,-1.1074702546794244,-0.7465783465402389,2.823050977398379,0
0.18383451632250436,-0.6438059146416346,0.1520328183757128,1.412687349146581,0.9636401488340659,4.309668023207918,2.6930336639804966,-1.8332298950109163,0
1.7388513518533313,-0.565112018429927,-0.41032178991342927,2.5819553293370685,1.4535277021926207,2.5993703340948224,-0.3212427661179117,0.17650907053469322,0
-1.1036698285303692,-0.7869695944576671,1.3709175361971546,-0.1314112185933769,1.00966334200589,-1.251907016682973,-0.33078922432755736,1.1312141027314362,0
0.5348173363459102,-0.8065308698110586,0.5364522876650588,1.7367812401393166,0.14259796194421115,-0.9420974440489056,1.2289805024890619,1.9732146762703409,0
1.259233239786799,-1.1846929464626113,0.33998322538885006,-0.9434841111416521,-0.9608431135699744,1.4359242923760245,1.1464408704007276,-2.0811417846673774,1
0.5565531245337582,3.0293753263111265,-0.7456404716666009,-0.926242457835164,-1.7099275292638363,3.4157900031896697,-1.3354815690998914,-2.7648972769016757,1
0.486036289417637,0.5906169098866932,-1.7802130520502477,1.2861725649175506,1.2523521094212275,0.9913341893771795,-1.5473039889383655,0.12487306731453272,1
-1.6685992588781953,0.7632273615515659,-1.0008630561806817,2.5787683833030894,-1.9468687468475752,-0.8202814286018383,1.0587285298838789,2.1572181379838082,0
-0.7179188907476018,-1.7726195590568703,0.5685714533933657,-0.01255663703523413,2.7558716316090655,3.85333328888503,-0.23052462518025083,-2.5169170426789798,0
0.7324921027798023,2.9315812407323607,0.669476158766106,-0.7110779816425614,0.07742062695966223,2.936596026513757,0.28872366282502326,-1.5761680512989875,1
0.33417641724489744,2.1137554959914855,-2.3713264032837222,-0.778212104204731,-0.9478355743937814,2.960862534644115,-0.15525904882474875,-2.9606025335796424,1
-1.0022170189267248,1.9322376419823986,1.1061531569564742,2.790646794454096,0.735728406831369,-0.9007651281148297,-0.752435237353035,3.7592773408655304,0
0.012499321907250335,0.29472442076942706,1.9371942001002056,0.13137566675304757,1.0686190103039834,0.4806266506760417,2.8684030556667683,0.6156677832975822,0
0.32405702822156063,1.679846586022058,-0.37046093313041717,-0.421770595181141,1.0150878902890783,1.8152416007736636,-1.1476913898156673,-1.0848154664833707,1
-0.1767741631157821,-1.3112016262187531,1.3759013422353092,0.38722199137615043,0.42300047747895997,-0.9185045831674687,-1.5486182988637467,1.0760432303461722,0
1.991553302204734,-0.5080614344032109,2.0616782260424387,-0.2513322953354974,-1.8098887342750813,0.7621574974228966,-0.8320613048498566,-0.5034830724124847,1
2.2816518365388427,-1.8482646775026794,1.3674022587286383,-0.22027443642177524,-1.1821582160068638,-0.9732386617346189,-0.6176416769336966,0.24304079823666339,0
0.07959786237603639,-1.6418989286960968,1.0613051417842712,-0.023430387385662943,-0.7666986929814379,-0.2854666091180045,0.5540577711159071,-0.05053066781169035,0
-0.04551224530124217,1.8062810463765575,-0.7755753700637855,0.021102660509113358,0.610829569644757,2.1794842575021773,-0.4242363333980435,-1.145520147717462,1
-0.5193963718261266,-1.3595257192579187,3.2530179730224087,0.5273738563043326,1.2692686891908007,-2.0655493521543153,-0.3409078773460798,2.67242857980626,0
1.2769653860881878,-0.9785392454797803,1.571085195184906,1.5953087546074043,-1.2025487053702484,-1.7561879108720744,0.33802348110170816,2.483814432379879,0
0.8155010224442626,1.2140912797588541,3.3930845902228133,0.21900137958299593,0.8190450375155272,0.9114003663352501,-0.048088507330772585,1.0407983074895932,1
-1.9782252493748103,1.7903024364349904,0.43099876944657334,-2.437649983001574,-2.6605492488818774,2.9423085030513016,0.04693490206036963,-3.7310537554033303,1
-0.05240445057746945,-0.7470959564633738,-0.3312952133551139,2.3800461501139436,1.2238223298843598,1.1874939362520809,1.7041055162554912,0.9293672108206555,0
-0.7955570679408823,-0.5631322389014144,1.153756001092924,-1.378785273195004,0.7381206383984085,-0.337251273613147,0.4243939378610126,-0.518447092985592,1
0.9778155496862003,0.07746998869838584,2.4738295605998557,-0.3940633406274807,-1.5958041893424313,1.5769486008000764,-2.1056469418403245,-0.8585305703260776,1
-1.1302037246739238,0.9540908213228292,-1.064823618095401,0.3979432211921875,2.2085281086568105,1.7697726958491944,2.411676675578421,-0.6337424154992036,1
0.3361449630262288,-0.8752212926321902,2.782144662128802,-0.17840148463459482,0.7628403175923464,0.059188244135684465,-0.22747625995340778,0.5666225917331734,1
0.5059655534558652,-0.6032742793395292,-0.28332311719109304,0.19431307694587707,-1.0532338055509785,0.29576779743966597,-0.7282722024066131,-0.4650601341983804,0
0.29219272832637316,-1.3840489083557468,2.1602600223948034,-0.5560812241958288,0.6298971863798494,1.4142071390303432,-0.1873290184063747,-1.0056578759965378,0
0.5027448074908146,-3.448274014503313,-2.2544884321392984,-1.939321919093189,-1.9308288130700126,2.2100602199608583,-2.4932708203300775,-4.940051690331211,1
-0.952316380738797,0.01377166675530006,1.9461306147694095,1.1786029433286838,0.7291225802044639,-2.321588079304535,-0.6769951384585313,3.23078469846408,0
0.756788679986982,-0.1810697633401681,1.5092911608203696,2.01488789278918,0.15323702364330116,-0.4620539889445914,0.6124687940136023,2.3270213413759655,0
-0.8239354869719996,-3.0412367319970186,-0.13552281158451795,-0.8646977161924242,-0.25952867296325866,0.5882328755295138,-0.7191094514491859,-1.9650483782753037,1
0.8760467925297942,2.4932578566732664,0.1396047258500852,0.33470664119863136,-0.6584875260637806,2.6596902716069155,1.472670675750982,-0.9674234657567585,1
-1.8316822472060261,-1.6430030909843372,-0.9020010443410424,-1.7037427868402681,-0.9937448564813063,1.9782113499843839,-1.0513099116393445,-3.554793209532136,1
0.4914294527201998,-1.5283161317790896,-0.2048874135779961,-0.80480425232553,-2.9544844075468353,3.4774615975154326,0.5697603571986469,-3.949019635532604,1
-0.17280173739646437,-0.5895211442742774,3.046996877158595,2.2509131885460416,-1.4191419516394588,-1.1567231705153957,0.7719201548366751,3.1060220604392366,0
-0.18315047105329468,0.0658749129416123,0.6845534780773619,-2.3733942383925353,-1.6041413396204063,-0.30531360800519725,-0.35667313417987123,-1.6617108879553657,1
1.7611881248673737,-1.9776980127723927,2.12853087773843,0.14753111445089084,-0.5944086216932045,-1.7288745543643504,-0.0003136726117747121,1.3414399149758731,0
0.6791427754381955,-1.0205514048315278,1.4631351312616916,0.9471791918242506,0.8293262521821761,-0.5361848387914723,-0.3020454994898642,1.4170544598453232,0
-2.929448690002268,1.1567684467638744,2.0692504641240443,-0.9361276486305316,-0.7456100369120071,1.335212915369236,2.052972024501663,-0.8192477937541078,1
0.7356219972457467,-0.5750675235398073,1.7990671405089236,0.4543374016119561,0.7717651815698892,-1.6595091819783643,1.78179890877106,2.017713829043312,0
1.4509275482792119,-0.05034463000593248,-0.7309881587350489,0.38693099543906007,-0.5751137125465926,0.22380877972180846,1.8071966436378852,-0.18195023015047293,0
-2.0841129394985884,1.0357229438156872,-0.020291721895721593,1.603863865063373,3.0080168123829774,0.3951575317185383,1.7246966497611085,1.718815118276322,1
-0.9733788380270346,-0.11208502857219893,1.1789061855886316,-0.9547368152259379,-0.9906292780889218,2.973181164788766,1.0071333364731596,-2.60814207815866,1
-0.9077561801469204,-1.4523504078402165,-0.40157341558408954,1.176690970555668,2.381165546730074,2.162077484521867,1.5192839236417688,-0.7027258361946871,0
0.9514492770580866,-1.5948223346398822,3.0345945505925296,-1.0655162149714559,1.558240627151414,0.2805312561950033,-0.36650702036805183,-0.26320304314463366,0
-0.3899237065594453,-0.11773148127250643,-1.4604067498001894,0.42983150308120766,0.552695134908145,-1.4133891731599868,0.15805348992013185,0.911329048684069,0
-0.4545477187434442,-1.2706069804947826,-1.530010301439416,-2.606676658555915,-3.5181611404609847,2.247093983495301,-0.218653277435036,-4.9351133176113136,1
-0.6068651778571754,-2.386967643833258,0.7682690922333926,-1.0301166489952744,1.3683553146629535,-0.6795553826388816,0.45768658605355206,-0.5143336090130459,0
-0.8184286659420014,-0.565953812220261,1.3167569602679254,1.1251702226769769,0.7892415128168808,3.0366949635805214,1.532367724678116,-0.8302294636516909,0
0.46654531145012695,-0.9292895156992352,-0.47251976890568304,-1.968364258404662,-2.3995918259955644,1.9941689734975276,1.3462257562027482,-3.6719073019190667,1
1.9625871905307948,-1.1997291602347855,0.09916502019730766,1.5105882473910697,1.589974899668703,1.722917099894918,0.0036956718478473255,-0.04459693270816577,0
-0.9245641143780999,-1.0518667385320943,0.592447594350352,-1.3100618854954447,-3.279314360547755,1.2149982370314505,-1.5975991695954321,-2.467072858436543,1
-0.4511588584089988,0.4572448426435468,-0.5930330226187812,0.8628990108174166,1.4666061362407685,0.5591015679228901,0.5517407999109204,0.4568432220581055,1
1.5628887685081978,-1.6170135673641544,-0.15827670682621764,0.8116596080698376,2.6354777471998965,1.8127097223205502,-0.2739930818293042,-0.6752986406710162,0
-0.531454551359215,-1.792429909922423,1.9351317589349886,0.08764799100786758,-0.5030236874963365,1.312452481440321,-1.5678594253654559,-0.7908567700312835,1
-0.7188323876087304,1.2137162317907115,0.05231345224459849,3.7495929889820974,1.5711238097082298,0.1255090678207521,0.7450053128772811,3.4170398630330383,1
-0.8245141615276735,1.9961276218273465,-2.1177593870591602,-0.400237223381825,0.27683953589851784,2.0531441291977774,-0.6085897232397004,-1.8027510791299628,1
1.5541604207147741,-0.2627164693651315,1.2984036105291747,1.6239627940759838,0.9522323275388999,2.8163925839627613,0.8539759765522237,-0.19035939724217696,0
-0.3021805869826214,-0.9707772032596524,-0.9207301766837284,-2.2859006301228995,-3.7630039350473448,3.651209804072363,-2.6031370878272986,-5.421541236176378,1
-0.8892408282283243,1.242333739839606,-1.7880973164808207,0.44636127180156626,-0.06019545881508348,1.986117869557304,0.9553005582377528,-1.2489200621252932,1
1.9203675021442612,-2.571908271783653,-0.33082840606947017,-1.862406777118549,-0.13159905600129607,-0.43256683079607683,-1.222895019555564,-1.9559568576317763,1
0.0785770297191498,1.464430476663845,0.629248745653398,4.091355792388354,-1.4759730256337502,-1.6614349361511551,-2.128734094414812,4.674702897477871,0
0.2525688459966235,-0.11034258938067343,1.7774982770411663,-0.9233111380680981,-0.6451714938463218,0.8806721088064413,1.3845320475939062,-0.9065982396344905,1
0.5114995753618614,-1.6486172504608434,0.16973806165125715,-1.564563603489848,-1.999563191357625,0.17260144803953725,1.9351540400602292,-2.0355750355652713,1
-0.1115088271429437,0.6058744774640032,1.5149994385735734,-1.0666779510602777,-1.9514845817466804,2.6546808903881036,-0.8049664808525608,-2.334171011787116,1
0.04351466864346608,-0.9371283322009409,2.1758907650179,0.3653925108697621,-0.5701435870864067,-1.9015412591862817,0.5581395145185063,1.9235705992087395,0
-0.1858457521927473,-0.47004933793691595,-0.7761619665393387,1.2795276712219432,2.210506446359588,-0.541470702090459,0.3099989831655551,1.3524963126657357,1
-0.40968659262949736,-0.18628605091757644,1.4676634374005657,1.8524372811704002,-1.474140238880484,-1.5145775866097768,0.7123221595801621,2.653015715212443,0
-1.2804555710024668,1.3087417423660295,-1.2091492345921897,2.4414520650714504,-0.6792422530051343,0.44513469688260354,0.18947982122108065,1.4609814691451277,0
-0.8162172445419648,0.0367169049037408,2.0757855755710097,1.6131862168648452,-0.8158170616014251,-0.5184650754179871,0.07814306296964744,2.1327124917063864,0
-1.2070216478572156,-1.6251940394322086,0.47184143495347264,1.0658386941849598,-0.8056328166480289,-2.7574568107230246,-1.0753123930492379,2.312147060908196,0
-0.7798529462216388,-1.728581660915987,1.117772820255864,-0.2571158675049301,-0.7136915085249491,0.2017827174342739,1.0819848092499422,-0.5643511362551575,1
1.1038773433162576,-0.1948715948563149,0.572578779715946,0.8660517399966385,0.375034441055653,-1.2634489763788317,0.4751677464953816,1.7260762604631052,0
0.6928557558178116,-1.0435759960164324,-0.5986660602665865,-2.044059938797317,-1.9964333787577977,2.7297362915975443,0.73463754545933,-4.241791314981218,1
-1.514470309180767,-0.14758498630650707,-1.9097582088046379,1.4754647739033218,2.2793075641585974,0.06242430507269203,0.32159321133923857,0.8368598842581872,1
0.6220699903060487,-1.2817675780685762,0.6396203762446411,0.6418998064240051,0.4211368011845119,1.0461190804606377,1.3289333195354096,-0.29501033261055276,0
0.9153902755601617,-0.45830561897770583,-0.3342149439157489,2.4542365413966145,0.8885560976601838,1.5447712765444908,-0.5495402745955349,0.7643642772458876,0
1.105900424357309,-0.03880291675794101,0.059272575376084546,0.11390474797110361,0.5386917328390672,-0.4167860075678015,-0.5639474880582432,0.4679008760636481,0
-0.09662367001488972,0.8923075456525853,1.0528037134560502,2.77969769083444,-0.17294165183758947,-1.9640439219671506,-0.4159669279473586,4.046258269773127,0
-0.04889718347410554,-1.2313239088341326,-1.702272864286797,1.844779885548335,1.347998342221193,2.6373063808822934,-1.405189846803575,-1.0145639722925257,0
-1.8697416996954206,1.998623197309847,1.8486884696719224,-0.15169297625389655,0.3275133924076187,2.0996947603574734,-0.38852077518300926,-0.4099359184229218,1
0.2577525401427507,1.539507571776365,-1.9686689396982682,1.451236452001631,-0.34551705966350865,1.156454386740342,-1.2417605754816243,0.08119931030276664,1
0.5082686396745896,0.5657329816261228,-1.5643510979233715,0.7979385931332876,2.1025703023267193,0.885732119406079,3.9262377064363267,0.011415491391801593,1
0.7060789138151315,-1.6896542313379426,1.7492787882052183,1.205037271894028,-2.5815314412398553,-0.6899462026829593,-0.24268127681203333,1.096819377522571,0
-0.7068925679873489,1.0827331005873024,-0.4602927251016723,3.8624051950107376,1.3953856901352146,0.13992687500675438,0.8555556590207121,3.2745313687738373,1
2.1650560678066024,-2.1498536332564138,-0.7072358710849969,0.8550672555831234,-2.7716748859365277,-0.6188060619343692,1.190548594343596,-0.1335040718596583,0
-0.9457460606967811,-0.8323105777956868,0.6343510676504145,0.49929416312064934,-0.5119056181424726,-0.7494680641408916,0.6082461916849685,0.7979819560779702,0
0.38632331781156,-1.312576104562725,1.5110042484658,0.2939692457665146,1.4052745885186235,0.5667893574253975,-0.20447122098612153,0.17910592428306443,0
0.19042388992505774,0.31544858266509657,-1.192479252251428,1.6835130213487306,1.4802578455534554,0.29407459686673865,0.44921872128503426,1.057394673869622,1
0.7821300015314592,-0.6160778982836873,1.404090064779428,-0.7711167362737339,-0.9969788323717008,2.4807510422615393,-0.7908993816675531,-2.1919491794764316,1
0.14098269961206,-2.020529707344031,0.0748081133073254,-0.3692200199615363,0.36632874659739945,2.217330701553086,1.5886269280435958,-2.2649591781773712,1
-2.0870270186020687,-1.1287847598983811,0.2474712173956669,0.5332639120510088,0.1591667628716661,2.3939910763731524,-0.5846177306571996,-1.4272765491379782,0
0.9515497705740428,0.9036548991064479,-1.344594938109858,2.0616712219445104,1.9459274948745011,1.3954964383877941,-1.0211624575603002,0.7772210486646562,1
0.5107920885275947,-1.3669362114886219,0.6105323290834137,1.2912864495318308,2.1215400928860126,0.09382454791921924,1.0305805856240573,1.1011378227980586,0
0.3496500472996937,-0.36682510284609704,0.44356871182420954,2.6807403063067055,1.4475602427212266,0.6897169592227277,-1.5648027713620551,1.8801971965906223,0
0.8953554307625996,-2.062014258282683,1.3987415322140224,-0.7386838672746223,2.2907141763712646,1.8239876335325573,-0.6315777291653314,-1.5818038589790346,0
-1.371673697230466,0.7622326048993525,-1.9902150294699656,1.146983373862977,2.458818279957221,1.5579791490184105,-0.7094410024275466,-0.20190334356593068,1
-0.742484232538384,-1.3304288643360644,2.1175578478234556,-1.1251622467760494,-0.06925798088467316,2.06694828947519,-0.4853058353678683,-2.0061743250135025,0
0.49986412374037137,-1.898077749035031,0.8925517088838009,-0.5352535447502047,1.095278765837816,0.26125220230085355,-1.3993061748019415,-0.6508610787163269,0
1.5781180575621845,0.7692861400116449,-1.3249936810642036,-0.9464363742101796,2.834467887976368,1.4212537033592494,0.9854496856152184,-1.471042875462895,1
-1.8206033005485172,1.8260179097058438,-1.9840664169106406,-1.495578838144593,0.7837106700465784,2.65197193351511,0.2700573583914221,-2.9905691192613464,1
-0.049029340838036735,1.1722952175689199,3.348885518289058,-0.20507260109616576,-0.7307175857116679,0.5312452195490713,-0.16036008104483077,0.7029890958830697,1
0.23278674294016363,-0.5717094065161992,2.464702023928803,-0.0031013275372896443,-1.222879759057586,-0.040652488875443815,-0.7567639770159263,0.44117796362402806,1
-0.12765468151819012,1.3247382414738547,2.9560776090663,-0.09832464443731836,-1.9825685055010533,1.0750509542786642,-0.56060763684731,0.13441298874790972,1
0.3207857259326839,-2.77228234768518,-0.25982707589383147,-0.46376272311674094,-0.3873419866991725,2.509932597463667,0.19405194360587402,-2.960564937558402,1
-0.08059974929676088,-1.298452394202306,0.8603170908657506,0.7084245473440097,2.1711695154564623,1.9916638305515977,-0.8330560570007587,-0.5534262148444875,0
1.1701987091966037,-1.00578587216887,-1.3144835064171163,0.6632109717121457,-1.926201599264908,0.13532678438608414,0.13429649724779288,-0.5519479072629175,0
-0.29748220087385013,0.43533252700154357,1.5178877247380935,-1.1270833799975881,-0.049914363166614795,1.0757858761158445,1.3119837385739466,-1.0409605249656975,1
1.0114630354083562,-1.392672408751766,0.441911138586215,0.39917287224302855,1.140330185183588,3.032314104169937,1.341475915530881,-1.8254804767489836,0
-2.4883273534129895,2.5966253105607495,-0.6609372516344717,0.2540521290289812,-1.0229156326130493,2.84505511723043,-0.6582484123338483,-1.4343959291485764,1
1.2795186697601588,-2.0531803980109684,-0.10975749205606045,-1.6845192408309562,-3.5039988126220654,1.4286286045302643,-2.2168188393540644,-3.4222798674701855,1
-0.5262478565174211,-1.630715962264473,-0.2530747897214418,1.1594514110503427,1.321718018586111,-0.04887448626731827,1.3883377782084478,0.6344499921641832,0
0.4912076654119963,1.0618756757125667,-0.7971281753655148,3.3005708731049355,0.8279061684535689,0.013253923462390627,-0.35802937974698623,2.7255108761587206,1
-0.838585798447231,-0.8295601942718803,2.03222652310087,0.27033394168507685,0.5789132335875293,1.8592357285356202,-0.8866809222834573,-0.5689358821442136,0
1.7549330716472415,1.1646759268086455,-0.9025718816177231,0.5124347397442375,1.3705606754146624,1.5403392785681898,0.01840163078343813,-0.4133063768688024,1
-0.5098066931908826,0.6623064182645251,-0.22500248368231046,2.349601889389082,2.4264623413868254,0.7257535022226863,0.03444101170584135,1.8184149521908406,1
-0.039307287627631186,-2.158500695031164,0.606562442882621,-1.0547180783098282,0.7730053049600898,0.5195917752227677,-0.1344967844017327,-1.4405394517828716,0
1.0826910538870733,1.0901833163084798,-0.26807820365244095,0.44889796958677264,1.592106584934561,1.2460396920003145,-0.4711246518178786,-0.04976994696703041,1
-0.3596296724524624,-0.40840875565876855,1.7091576471435213,1.0304781154870235,0.31240745394608027,2.566688762896697,0.3011073391917421,-0.49348471082728473,0
0.07203686128374476,0.13386556743223033,-0.7065547185391466,1.2811666307902558,2.6286997041984765,-0.22252437823777593,-0.21220896990115168,1.3819174716848672,1
-1.2693304965466992,0.4116761512973671,-0.47964078376276353,2.054782086431615,2.3122420046171053,0.5110398229130447,1.7025146581296056,1.573626602650818,1
-1.0921636327180897,-0.2603360494271264,3.773198616979919,2.0250780739230025,-0.5824837797893601,-1.8996297973341587,0.8347513263248821,3.8835700653390286,0
1.0074439731951985,0.6155009021696376,2.415968753688509,2.276461313384797,-0.791561697161516,-1.0389417379307686,-1.2549226680022925,3.2684435805924044,0
0.41486550036191044,-1.3649309864607946,0.12052195292512868,1.4207954056851682,0.6025929576360649,-2.091053094793744,0.4632885301181062,2.313112691074205,0
1.9870611116994412,-1.5190832485671641,2.715621289606568,-0.5129066852675765,0.42591037549587174,-1.5754461642579378,-0.5309708978119645,1.1852668799068675,0
0.9113627221747217,0.6688204897703548,-2.531527625990694,1.1253094965979964,0.07974445883080561,0.40638235135739653,0.10575379127148042,0.005853397636976852,1
-0.1942691319785193,1.8111721991956924,-1.0263232400258748,-0.4002822521524607,0.8882204156078072,2.531125400696669,-0.7557915001583629,-1.7473405348021407,1
-1.7312013034449254,0.6283580576893167,-1.437716972859027,1.331198840837244,0.7888493356019547,1.052222381142646,1.494938227453236,0.16060062534222624,1
1.649480894323921,0.3986135831361852,-2.6890797143572627,1.9583968028116492,1.5939532436013,0.3370595508336891,1.0706105599791862,0.8203822480055492,1
0.8814075289235711,-1.0600062805285466,2.3539513439142867,1.0603234826370918,-0.3425937191144445,-0.9559492866285342,0.7211353625455816,1.872957885705691,0
0.9137716213855857,-2.8467700882288876,1.077295023274883,-1.098344972037257,-0.23121179740219433,-0.7794520602924602,-1.5457297866907331,-0.7773981002854358,0
-0.34254920085776497,1.0771337260118796,-2.182983895662824,0.0810266730134317,0.30653131937163736,1.355092194370616,0.1704637709965709,-1.2073707269989096,1
0.19502498402812674,-1.037414755878194,0.8161703645182383,0.8064314684937531,1.1936861719696952,1.528355865973181,-0.7582820688875902,-0.2573928623699559,0
-0.5698329282387588,0.5548477689333403,-1.624960621649926,2.885611380028288,1.2412729939703322,0.4070722021320583,0.32950873557300914,1.8077025695569267,1
-1.6394841625254342,-0.78312784196793,-1.1057985233676773,2.1247026419347703,4.351505873568566,-0.45893664577965687,-0.39247110606087293,2.1064910435228588,1
-0.8468509661253646,-2.400425236130994,2.1475920810526143,0.2888597961257323,-2.098587363445419,-0.3737752776538569,1.2496189052966666,0.17727966793783645,0
-0.33513778117145177,-0.7973086284565669,1.6312621675862138,1.0200472058977288,1.2556842934214951,2.910093739410245,0.34233783448962146,-0.7158510904226824,0
0.4441983272906719,-0.7009853487344321,1.8234994070794976,-0.5273169277783942,-0.05796613492061198,-0.4022415735702616,1.1013229577357622,0.23334811582265994,1
-0.08923415422144892,1.9662462666005531,-0.41973929220034323,1.5313618227925776,1.496496260270789,1.273325122629669,-0.03757064497948127,0.9440624276812275,1
0.33855287628591424,-0.11703873244518226,1.1780476825518573,-0.3185315157242372,0.6131305537659344,-0.15508834269079486,-0.9379255765363989,0.2874531585535877,0
-0.12270893359572414,1.0768693737912676,-0.4150804661723374,0.6434698153991671,0.9816901001606986,0.8537692571624571,0.09337237427665124,0.2261138786117022,1
-0.9858038086678267,-0.6310371192573452,1.9223163120718678,0.16570186834523604,0.3876168041186925,1.8682954950069675,-0.2841550979287972,-0.6680578457546203,1
-0.7801991291174627,-2.3604908487114993,0.8714150383154073,1.3487330908018258,-2.3031307769108063,-1.3708856005433336,1.3305749040390402,1.2721272894537468,0
-0.7330329955239894,1.3865596131709987,0.47679135805189854,-1.0177511639204342,0.43340169380695803,1.191654552335053,1.8180619225578247,-1.0283677627332775,1
-1.3683150388328105,0.5884211847719816,-0.6658496939603584,0.9237383974929496,-0.34803162900164875,0.17498539674766633,1.987275999230808,0.49437245544873515,0
1.80930634973311,0.305758888936996,0.6647897742159292,3.4144708639172254,0.7699267000705526,1.8895665413889997,-0.21804589539237385,1.7663539422526633,0
-1.2931415437586478,1.1498330873049278,-0.9537781062302271,1.2272843753088554,1.2849707598733866,1.3911926098612415,0.5723903111756757,0.21229487483925194,1
-0.2561797524953801,-1.466782498231365,3.313260640418728,-1.0113584091595622,0.6824076418426062,-0.8114363019363899,-0.24149744587077882,0.5109409002784531,0
-0.6373077470287948,-0.9123960493647271,1.1995890065036252,0.6185042240997586,1.0516657129929272,3.244917752635841,0.45838670355148425,-1.4540931214911785,1
0.9583858198420424,-1.2913588502011513,1.0611191339336365,-1.3991889567837494,0.0037190993983231557,-0.7409053163729462,0.0516609768510798,-0.5941273766488191,1
0.543479378670093,0.7839204223957846,-2.0476120266858673,-0.9093513890154743,-0.15813010469969901,0.676494641297053,0.1998104337187135,-1.6210543648422797,1
0.33385996656853467,-1.1350857424947443,-0.4019303268916692,1.6422557192316938,0.5986346011545233,-0.5049579838784533,1.4313667818311835,1.2949254150148617,0
-0.2885486958757048,1.3222418882053553,-2.835449247873651,1.7183272406332377,-0.19500298583167308,1.3723574271634718,-0.7837535211244283,-0.1602747388976335,1
0.5964411375817527,-0.399143858760443,1.4944514007686995,-0.26973032700935506,0.05516481190978806,0.6333182920577639,-0.6342858476894031,-0.2813422423776612,1
1.3286408282482312,-2.401250750419507,0.39864493503907494,-0.12681331761978565,-2.0231475853096983,0.35782944543272976,0.31318447386498,-1.1763351525372434,0
-1.5769964821909972,-4.17279452269952,-2.5996160964178427,-2.497069032024912,-2.003071652799921,1.642969675599078,-0.8028244439508423,-5.294121880040197,1
2.271449745422796,0.34374398271767626,3.6322428131802855,0.31702800542116116,1.5037799323075234,-1.391588346065316,-0.40439742318396127,2.650543423208808,1
-2.238231233324972,-2.200442844143999,-0.25371980758014634,0.16248402976534881,2.7237248278531814,0.6953876854273853,-2.120700152635066,-0.5828658898632625,0
0.2531652380379812,-2.4874307566043665,-0.4534625947799993,-0.09416817691164292,3.3823002149016714,2.2338782515176927,0.820344012612456,-1.8733844807722273,0
0.8691545924968965,0.5093850920388582,-0.5653598914117048,2.5605342054421514,1.001363705113398,0.11312615007032545,-0.4555395260238707,2.0334516322163854,1
2.2724347204468818,-2.4928099370638526,-0.22797761025743712,-0.980541866090299,0.2925113296211861,1.1794311955018044,0.8890371222798921,-2.257663303172085,1
0.6295295842218108,-0.8466701357740053,-0.5410306921269625,1.871386276988775,-0.05136550618245961,0.4718257289669241,-0.8043157596599924,0.7331905243832424,0
-1.2926253471522626,-0.17856867973785828,0.9119933467094891,-1.303649870218914,-0.1821112587136271,1.5117564646616568,-0.5321685631271895,-1.8480692469202729,1
-0.7090209576304904,-0.5359422133969273,3.0264068061348395,-0.6112005975918371,1.9452024635303329,-1.3574001495058465,1.9532591375265682,1.5545453908346913,0
-0.24338397937501807,-0.6061190206193083,0.4594585187848377,1.8977829159184072,0.9795165642327753,1.6671740666008947,-0.29983819627488056,0.46706487287262605,0
0.22526411724754952,3.08848699610822,-0.3091184373757987,-0.3180417457164286,-3.164418145684518,3.2899276040389953,0.6927227551168594,-2.2841191401992056,1
0.18517553682991406,0.7825899428710741,0.5111041515443631,3.8567484378117385,-2.502409816818944,-0.43005638166538673,0.42544486418417227,3.2673641958043214,0
1.3705361439967134,-0.6347987586398575,1.3396747015459787,1.7724215578465672,-3.2334746964680487,1.5863931268355151,0.6952029000839993,0.02472395604861136,0
-1.2883076174635377,-0.3472398569300229,0.824627764956923,-1.1751062518409547,-3.8708365619949014,3.3383306885754767,0.2927154821418534,-3.6559569083335184,1
-0.370508098590029,-0.8484960086756655,1.1472133742028363,1.3109405691778053,0.9450540398957605,0.21961245476901137,-1.405567019178642,1.1472957183833177,0
0.17183933979353122,-0.5358604332874213,1.5911879853836428,1.408611409459973,0.49985273797247665,1.3362328759372348,0.5532512199847837,0.6056111731678412,0
-1.153332403205745,0.30107501033641637,2.5354038122522695,1.6917776058015104,-1.9756695596944065,0.6027036553057221,-1.6873443471107104,1.452455021945809,0
-2.1899217049785533,-0.5733128871906126,1.2034350525748867,-0.5711905937486295,-1.0907470048852197,0.7605245272871543,1.1945922205137307,-0.919790476885257,1
-0.09546424708907303,-1.2593240209914156,1.6228075831577424,0.04206142436490501,0.4412597790706333,0.9888811353704715,-1.7762463334664518,-0.41031593942835315,0
0.4961991873633163,-2.679239894913021,-0.30513843472611346,-1.491742501892348,0.21130919295306594,-0.2947374387116821,-0.535316712567659,-1.728633676508148,1
-0.6065033882157397,-1.4042135670235036,1.6206763110693734,1.3346755734288611,-2.4511709642563373,-0.3677475246133256,0.4559041951707027,1.0328282515896305,0
-1.9122549754197768,0.8304983277790327,-0.9078442855386375,0.2519919965625801,1.9866966707119538,1.3179024283645646,-0.06863404608546861,-0.4561713638925015,1
-1.0105982199289134,-0.45547862513552206,1.529916812703004,-1.048735469139437,-0.7595220153937757,0.11200645636393147,-0.5152183938082427,-0.6618313984381207,1
0.26402008133367,1.683478243908817,0.10156568934172538,0.8567691988011933,0.9708546298407504,1.4215649930914176,1.2723535001067678,0.32018911828058305,1
-0.7699960661974573,-1.0539061724814638,-0.08357654171754558,1.490143142979398,1.3322493955714605,2.1032043584719906,-1.2961166642498945,-0.3801260489805506,0
0.6386601686431024,-0.3789706446648854,0.7850203384843879,1.1434096173461232,-1.3292546584904568,-0.7677983510893686,1.0581183250871502,1.3495197678660948,0
-1.7760117540484022,0.718664178256152,-0.18295022824641394,-2.582307817312466,-2.8938764735765927,2.6352052979579588,1.063940987560856,-4.1424263756758135,1
0.29562448874709507,-1.3056464787056699,2.390603704570742,0.14942568614636653,0.80799036061154,-2.0977100179509054,-1.5166425494207911,2.076094129965479,0
-0.9627325652846123,2.2597495272353783,0.1199383740151907,-2.0469513425518318,-1.6085103508607217,1.424980695161673,-0.20661127969604665,-2.190287584588487,1
-0.6078752606758179,-1.6928557851873534,1.2881134403845569,0.05612752853491221,1.7933780521871179,-0.13010212305278923,-0.5391227031489786,0.3645704639948418,0
1.75547569831549,-1.7973698609793374,1.4416677473767177,-0.07531865306266239,1.727707277455085,-0.9772471888591026,1.5730197252148563,0.8536111907215828,0
0.8745170741325226,-1.923074339491023,0.6201541073314287,-0.18357263519228773,2.4322440692618734,2.774648115133379,-0.6497652268482671,-1.983849036470501,0
0.24930859564172886,-1.3879538238921003,3.3096913828022836,-0.9133931824956396,0.19414748936698767,-2.509905755478562,1.0450884740847535,1.6969263100575716,0
1.2208212988130478,-0.607055044179723,-0.3403879726006489,-2.3550174290012365,-3.52993209167231,2.105762177312119,-0.8767737812118448,-4.101595248710374,1
0.42154608353656126,-2.4947912413873867,-0.3905001938638262,-0.5808741086278342,-1.1674703684920396,2.129404787371638,0.2668183962954019,-2.880033184532828,1
-0.23596998721097162,-0.20807370858506846,1.6069246949572311,-1.554503305386945,-1.608585968295686,0.8019697648183861,0.7441857103150346,-1.5740616463604493,1
-0.4561208274741882,-0.6664722096057729,-0.9550537643734347,2.2683230039925775,0.8083006237652566,3.161965515819399,0.18142662011397137,-0.7505631936983195,0
-0.03143917037477642,-0.2818199426080277,1.9238649884853638,1.0847686680068178,-0.5842756561834221,1.288067478019603,-0.8484286341908146,0.3856156047951597,0
-0.0739475656083926,-0.7956412098736119,1.0130465537693414,2.0049714927778917,1.8004552797951539,-0.6443660495664794,-0.4516594761596227,2.3884816356693737,0
-1.6826586941226858,-0.4292801471581852,2.0091734493809517,-0.5291089453426769,0.9709041491548249,-0.030431842942197807,-1.0240285908863795,0.2678464437000281,0
0.4004813865063287,-0.15759262548912933,3.441428692617649,1.945393089794817,-0.29966184514126737,0.11444492920534,0.13106518621584873,2.4072996523632466,0
-0.5482687949250771,0.9114444201930809,1.1942435344460096,3.378367041192698,-1.6781172666869701,0.281845778531973,0.8333339117803071,2.780577497259762,0
0.2167755637626291,-0.16506894885009904,-1.3032486289697776,3.84331322603604,1.1707814305433328,0.9652002662048504,-1.097302527632844,2.067020482733938,0
0.43477006455689116,-1.2407867667490833,-0.45099369858482397,-2.0295049034317776,-1.7347583522080492,0.4845764910044459,0.47543068252662346,-2.653386618480054,1
-1.8179792253871547,0.9270521330491679,-1.450855300940902,-0.612716480517556,2.366160831554632,2.4110175522245916,0.7597122954841684,-1.9621738850045363,1
0.5002404694365699,-2.58265883324657,1.2265864432297626,-0.35899707333010633,1.293812940790993,0.11163812808601159,-0.5336003064391669,-0.4578987618822937,1
0.4535087125544674,2.2121993191091134,-0.274887309579251,-0.2509603480715399,-0.8011485444237079,2.2676753962008322,-0.9822940342546795,-1.3785680618191005,1
1.904136589573007,-0.40912985308749894,-1.2314409088127793,3.151418229026857,1.4430423823417136,3.707879660651001,1.6259589153620633,-0.35537455764554515,0
-0.9046143749937661,0.3716351140308942,0.8133299468736817,1.4743424085035217,1.522339090801204,-1.8472644263977438,1.1727568452674448,3.005637563016251,0
-0.772659445270824,-0.5331520192311614,2.9066999635788258,0.7878506930742425,0.31067414112823877,-1.7192226456299093,0.8301918118626102,2.5981677074048024,0
-0.695694877197064,0.38670231198657645,4.179031285472517,0.3040467250482439,-0.11306833229235935,-0.670551269654964,-0.9181269834165748,2.070148116384633,1
-1.9093560875072928,0.6201524089999635,-1.789377293347827,1.0317030866733163,2.0133688334139026,0.971821219493776,1.3183023248526693,0.0651790115447151,1
-0.6277339060845056,-1.4966118550341228,-0.28780562778889673,0.29604009635985484,-1.0562119652167086,-0.317577951193607,-0.2880388739220764,-0.2028848857473613,0
0.5972282182533848,-0.35276985642342173,2.005037202566343,1.8097746730316697,0.6487896558897763,-0.3082540209674769,-0.9483480042242007,2.2471870108893763,0
-1.091933900395313,-1.3039371763017935,2.2934845500197305,0.11595027464914276,1.2120549872045894,0.3102798469071514,0.8902475008365087,0.42984067786545077,0
0.23402445435314795,1.4046595660516459,0.4664683131494911,0.28180620838000525,1.2961718978411905,1.831486028726201,-0.24852861807444937,-0.31897910356032555,1
-0.9647054257507148,-1.6348845405688297,-0.18789706196590306,-1.2034878478641735,0.5649550930896117,-0.3172503487438565,1.6284685547723217,-1.1204223732715108,0
0.8419836954521269,0.14372268550883405,0.9963616261173011,2.090440839769697,-0.22767767843283615,-1.4217930704048714,-0.36920720044744615,2.913049942138486,0
0.4283166923752375,-0.9553160051910127,0.583869874221038,1.9269709094189302,-2.5629323721203043,-0.8715890218243681,0.07715649621771674,1.6215816819387474,0
-0.8319549174944512,-2.6922604619113426,-0.8710757005184482,-1.0851889395726464,-1.4678402596042377,2.2783088339967534,-0.6382827265284942,-3.622596777242582,1
0.1847104747810833,-2.4297978726193916,1.9236081009956685,-0.749103800625919,-0.9119157745061985,-1.1965166304541541,0.937915537510655,0.044951632577558846,0
0.04522270899998256,0.1378019352368458,1.6988417507120197,-1.4534259634329418,-0.11902001306725163,-0.30916083627570723,0.05119790188108534,-0.3773067068539504,1
2.049812095785926,0.20891406762305098,3.5835905774240913,-0.3802124761160194,-1.03623460466232,0.18024320066443345,0.000682818957482628,0.5769514407306655,1
0.9321915642603847,0.41713259118057056,-2.7517676830340783,2.9340323756108697,1.7758126572178234,1.0988594270208387,-0.23655528721894603,1.0705268234524588,1
-1.1818741254208012,-1.4096027971282648,2.093112045384971,1.151565724686821,-2.090105995948579,-1.3730607246230906,0.44947391283230687,1.7821362924451747,0
-1.270061088712032,0.9848522951086818,2.4911659201148653,-0.3631473860007295,-1.6520962961881607,1.1383897673500467,0.2869558543017087,-0.2964288114306426,1
-0.4911537471421047,-0.7887921149463437,0.6777138341313429,1.8538580181439728,1.5116678685451004,0.24304571997062752,-0.28487549336967083,1.514108704146261,0
2.095843501809159,-1.8060276993712956,-0.08281099452027063,-1.2940469730350364,-2.1088918723531087,0.5442233755066338,1.5944423917491968,-2.217128842982613,1
-1.5193460754768424,0.9668057308955259,-2.136912222608313,1.106180293270258,-0.25574123091552114,1.2603534240805105,-2.832155598110569,-0.44808136238676144,1
-0.11622904312195817,-1.2009080900617635,-1.8691695678755322,2.7361360847818235,3.938480805132194,-1.0522582990266978,0.21471318317052634,2.5789420736736846,1
-2.7475048427252347,-0.5935540411653764,2.0248436405154617,1.1685924006475377,0.049144164161048276,-0.8451446669716887,-0.4997301761516306,1.9648899702454448,0
0.17528677893392386,-0.19782990552350455,1.7596816323610076,-0.367932138144055,-2.031877182712643,2.895961623399722,-1.3367254388759306,-2.106189958983216,1
0.7751554940347831,1.0698962537892858,-0.9754368761272465,0.7755083095387454,-0.36845872716033856,1.0769045057264715,0.5530400858523584,-0.2118172878200251,1
1.0683793336940164,1.0874459548324502,3.1883116991232625,0.25487402610161225,-1.0474384837305155,1.7827452952222393,0.604120889588518,0.07922094725048573,1
-0.30085974714082625,1.4602744078604892,-0.7365920148782445,-0.27156872264812315,2.146298783626273,1.90807739022588,-1.2094769354188053,-1.0244128473936482,1
1.1535903433169254,-2.76066645402345,-0.33295278330257405,-1.7581012305631432,0.42849636685575665,-0.8634984051092727,1.3863493972628433,-1.5410665555063083,1
1.2005316584738726,0.8955041043995979,0.4411288446918349,1.7560963011530841,0.11634559022777835,-0.07973698732444223,0.14035986984804696,1.8129116171059896,1
0.678946987762233,-2.9303025368739206,-2.3526101929844434,-2.154317893713895,-0.5837514638347008,1.9422940716387296,-0.81240234893742,-4.604185855028245,1
-1.0166831285764972,-1.0120899132182277,1.1482120649615613,1.1504399926079083,1.5755675728250282,0.8681845123257745,-0.2440804736742013,0.6331544847825948,0
-0.1131280525157404,-3.474111715137677,-0.10898504637489004,-0.6239204642846532,-1.1609280917437488,0.875536740296764,-1.2992163634458243,-2.223563041427601,1
-1.1755946056248516,-1.4877040951381995,4.383948821247323,-1.8249116008993074,-0.10584039790698174,-2.4962748043455774,-0.8950698422766047,1.235628866207664,0
-0.5501152829365389,-2.1593299065590754,2.296246913404846,-0.001864214475971293,-2.18760008117268,0.6226758016508208,-0.14702542343084998,-0.637952882121248,1
-0.5164296438875717,-0.4763089031923484,1.349565400188497,1.1417429374691352,-0.16095429453879162,1.7258863303466545,-0.19646658342809717,-0.03265864841174272,0
0.058984221589597374,2.59745398013588,0.4541378792370645,-0.7657136145964683,1.3058540795509475,2.8524407940134684,0.446872500802698,-1.5221047392853362,1
0.19613145902390733,-0.3036584692385823,1.2201445306023915,1.0438500906059511,-0.8436588959417666,-0.4319763728461542,-0.9040682897360003,1.2719232211041227,0
-0.8638829605897661,2.6297485394692712,-0.3443195738114384,1.3346415569828758,-1.24990399480191,1.4389319674764927,1.279464931657751,0.443247519086375,1
1.0487071264165635,0.5152394088632137,0.5152946241300382,1.819284401392114,2.0606052783597155,0.9807361153489805,1.6554071130882952,1.3621105677755903,1
-0.501784192811532,-2.2733265358243946,0.5176774296703782,-0.7700052217855741,-0.2896315401146695,0.8521648073282532,-1.3724655478841008,-1.6727431595053734,1
0.22907468820570256,-1.4787875548243887,1.7858779256901323,0.028378919530915647,-1.3046512462537492,0.09771122987061054,1.0743180127155614,-0.09170954622845363,1
0.6789312900592783,0.19068706522390944,0.697797572602072,2.8631547349158715,-1.7391160781253505,-1.9028020595938107,-0.13699548944245826,3.5270698784817163,0
-0.09139955750911445,-3.193075049830015,-2.67389893629697,-3.051914160615515,-2.6284579226935154,1.2529766136552518,-0.08087849786546131,-5.320045393659891,1
0.1566937282465246,-1.2299761389189872,1.903350538267359,0.29616250697009394,0.746622721618545,-0.04406655060279152,1.0235306441853447,0.6395047185241176,1
-0.5923559556520536,-1.6445779802517926,0.8059041378411995,-0.0334064427874301,0.8450383115003063,0.13333590252728955,0.12354769595558233,-0.17144057258117776,0
-1.1543626682329844,-1.142446691925855,-1.170264560653425,1.7720237995288755,-2.806010744393064,-0.9975904252377047,-1.7518288067517191,0.9589615421076905,0
-1.1115802495135512,-1.1696754596068422,0.05584043191965915,-1.6657128104113257,-0.6119140039771459,2.6357422316586336,-0.035825578706462934,-3.496170392400052,1
0.041325632270618466,1.9221983351126564,0.286800457554764,0.8540486981982902,-1.3261390741923238,1.2653077859714283,0.4430021304473752,0.18370103442606445,1
-1.7938924978678903,-2.7978661659100608,2.033393014399641,-0.21577980287510212,-1.4517370689452394,-1.197001020148186,-1.3554475031122892,0.31164862324695014,0
0.09175248444837286,-0.5638153751217951,-1.8887682468319769,1.5109922919602958,2.059438022619374,-1.2034989216383813,0.2522403964266774,1.595863077007397,1
-0.9519184600222356,0.8266899498466168,-1.3265651649341101,0.3669138557980779,1.0743678196464148,1.0889118412882774,0.07748051851886253,-0.48328649231989285,1
-0.07744346072599365,-1.7918575083730426,1.8244148826113302,-0.3114801996422063,1.2317545287579508,-2.566627388251824,-1.1952937635992447,1.80307374665795,0
-1.907807557877391,0.9161646685330236,-3.1234246254231492,1.3430357467557092,0.6084817028264871,1.3285550618077682,-0.8603850107795019,-0.4919083007141706,1
1.2637066776546686,0.8281028245599734,-3.9220173104930836,-2.2510592439154355,-0.10575155467150998,2.563971047008013,-0.8463159774657358,-4.519890668624681,1
1.1008213984226052,-0.3945362532133124,-0.17611722692327247,1.1581380686778087,-1.502339636884178,0.21572119303872728,1.0613709648731335,0.35757098280160143,0
0.3676198402097109,0.5724562878416251,-0.1582982406032416,2.8320837153103984,-1.76476860037309,-1.941731341255521,0.1480894197982762,3.362772805332966,0
-1.1533505105959594,-0.3998039474621454,0.3022218040043434,1.4793363051344808,-0.45053030090204294,-1.363828834489692,1.1373145423647293,2.004609788400058,0
2.303638752104789,-0.17633233754014555,0.009741447395590352,-1.621391839486759,-1.8540487740681044,2.18825928179364,-1.479444223139724,-3.1012036348808483,1
0.5222506360177785,-2.811681799686249,0.09853884913860866,-0.8270704592202155,-0.4634460846467442,1.056002085946113,-0.09791524644290406,-2.156348823142363,1
0.9784221120280351,-0.5160540587616479,0.8973105663172046,3.1021951340993232,-2.2080909344536943,-2.6279740587460996,0.5221425459339358,4.011784808362304,0
2.012270445700765,0.18994245880521143,0.629813543634737,2.8556796502717425,0.21566522173796543,1.6549415173070965,1.0237095461069814,1.3638624881039683,0
1.676393027208203,0.46311840495842427,1.5072611252865937,3.1251623699272084,-1.3104715749833313,-2.7407462678437993,-0.9455068799427312,4.695910466841275,0
-0.5835993263460049,0.027914801446494164,-2.1675558610553445,0.7715729849269993,1.045856593298461,-0.027262202841053185,1.0383788510193166,0.12326143810227266,1
-0.7076258948220261,0.24823208129176777,1.0846736926767817,1.923895698633943,-0.17657185893656857,-2.1026189679493967,-0.7121738641760436,3.3141451116522385,0
1.5301951988633513,-1.4694749573423187,0.00836101016871238,-1.9907168811028424,-1.414891434471798,0.523448701487861,0.664927162301741,-2.5184407525208736,1
0.9965705105794472,2.378376117525872,0.49154125172182384,-0.6034189094366331,0.7084986138727689,2.5171452754357952,-0.46649537922819795,-1.306063440066352,1
-0.6967718184295749,-1.6786312520473716,0.2303930305158145,0.2940098387160772,1.671962759728216,1.3617567626261704,0.5820265670847269,-0.8167017286342734,0
1.1590740649558977,0.9000257996618286,-0.5176503397350574,2.225972815046415,0.31199612213370265,0.2505229043030386,-0.336254738681072,1.6881677502585124,1
1.8325570434792018,-1.4549983380812659,0.46797743917276613,0.8940322661350426,2.7446821716636727,2.696484545534667,0.8141517621182666,-0.9652226517253697,0
0.22228985580085406,0.4121310597079393,1.978717300112639,1.9339935411826759,-0.7234129770437894,-1.5692865926441235,1.2788658133133932,3.1883904732003026,0
-0.6073544332122114,-0.36014727115496614,1.6783054653578775,-0.3465499068440374,-1.1002274494754156,1.6280825707345805,-0.07722104522304557,-1.1396808617259737,1
0.7682072166317373,1.014884670793537,-2.0338431426496033,1.123557848381717,0.10131943652323394,0.9161474763111066,0.21539650545628794,-0.09729097082753578,1
-1.0385438208439723,0.9480788594526932,-1.3606303404344202,2.391294713293556,-1.5021502910341118,0.7231024865386422,-1.6312758154609455,0.9590743091234507,0
-0.41299782214343406,0.163336144992847,0.6541524231733744,2.470696622969617,0.38971489082693966,3.731705708157477,-0.9266983088473107,-0.3346959889962686,0
0.34980002456790754,-0.8338986441355041,-0.2965720180413365,1.3068098129439045,0.9433782309037337,4.377879757543253,-1.0040545968420103,-2.1543105356438454,0
1.205994516546816,1.2318630689875474,-1.186857719907273,3.3303006557208135,1.8406201361967307,1.0021009300257386,0.7774073527645112,2.1537512627278406,1
1.2179591523055584,-0.5230929093274661,0.7784210923630706,1.825629104611067,0.403831909244162,0.530064282442462,-0.513196364513396,1.2217314659546443,0
0.6405429350747734,1.326694142113979,1.8261624514038353,-2.036893513446186,-1.424071081255728,-0.6077452502310776,0.12307820165618115,-0.4778994174881594,1
-0.6749340187905523,1.869381247438251,3.8417715637532264,-1.536016609396861,-3.137475297615907,-0.6186887406089323,-0.4030759890650308,0.4144108264145016,1
0.5950294658355647,-1.26753600583025,0.9937797913561625,0.8554578642235968,1.2751025910307685,0.26040742057334376,-0.5574230531083212,0.6585529121978616,0
-0.11066536855732945,-1.988479610245871,1.1333088509729112,-0.4031205549538859,-1.209508318179903,0.3092223576875197,-0.8966422273152082,-0.8939708469154142,0
0.47347189903522846,0.6524834000314761,-0.7446426629182608,0.2013897759776968,2.0785865355583226,1.0738110623277095,-0.26764109089879357,-0.31019345712964475,1
-0.09363618873917084,1.9621434931549755,-0.15473213189496515,0.7531540435560848,0.38690539982862004,1.5910262289846004,1.32579664754219,0.025861923440860874,1
0.5055892418358746,0.35327672732512383,1.0183404077907154,-0.9739203117396508,-1.8720331439743738,1.5080974753871095,1.4891131083282896,-1.6816893493469711,1
-0.5888668267386961,-2.0529350840982294,-1.480655095201,0.5952002530177578,1.724657780976763,1.2147821049517742,-0.8372624310497003,-1.0995808676935013,0
0.39379729821625153,-2.460311420609023,-0.4969982549157821,-0.3302357383325545,2.769324434854382,1.5482673183192768,-1.92767257934561,-1.6889118772458467,0
-1.2374266382225725,-2.01946067528689,0.22270649025433042,-0.3400937264153201,-3.1335642358848785,2.6822465897416943,0.10940847183297006,-3.0674657250391215,0
0.9003985883950636,-0.6957224830925928,0.7674891556977076,1.091421102230824,-0.5619667660501453,-1.723233797663457,0.4512253193185082,1.9971483345031793,0
-0.05390484900573916,-2.374744568996932,2.3705306051134443,0.6653721979177132,-1.8648441841020755,-0.6260538375857123,-0.9823035803773146,0.755994892785777,0
0.46320629209912306,-0.036568046982263014,0.8321905120033655,2.3352653944501407,0.6960396182554393,2.862188111457967,-1.3671378064602457,0.20753569565980273,0
-0.41360553342164424,0.7278984177997461,0.8299034242262824,1.4328084591606922,1.1477184091694148,-0.19428723836601747,1.8876876573401904,1.878037311906134,1
-0.4118233689636573,-2.693671957476792,0.29276472974346546,-1.3307507560677259,-2.659276995524225,1.565605668893139,0.13192796677195706,-3.1534348756666355,1
0.018819049740598424,-1.5422181340090209,-1.1223678266895152,-1.7582439042774056,0.6008236993269702,1.2761766802248082,-1.1716543473175618,-2.904798329737334,1
0.015618333949603047,-1.4453502193860333,1.8121996784562646,-0.3052250035238693,-0.4951277080860883,-1.2837187996230823,0.9022771737866472,0.7423275697881319,0
-1.1022921498364233,-0.5961015461917614,1.9947165315045523,0.7439470128459342,0.47425596529017955,1.8263118944416266,0.681359510442948,-0.14396616811339902,0
-0.46580556911816284,-1.8099554603783612,1.261850180563862,-0.4361739145358021,1.7784730678017313,1.3337366314746668,-0.15083771156669531,-1.065742650671382,0
-1.008554684076208,-1.1513354799597635,1.9545356431795406,0.5987599917930577,2.23887717807888,1.493208738480003,-1.962625691672579,0.09062401305782489,0
0.4258436586298291,-1.2260961020321046,0.8076121412963537,-0.41355101710632347,-1.4708807496349077,2.003602624354892,0.4182057558879721,-2.005937514263665,1
-0.8810683366612923,-0.6201342988376858,2.1198367975125283,1.007071881262921,-1.5643579660641413,0.951571982026614,-0.712220763649051,0.3726930611149426,0
0.14488783309689118,-0.3439837590793675,1.5198282763845943,2.015448663432898,0.6582323588965642,-0.7124267413631558,0.02390304328495547,2.539181021136304,0
-0.37231905293792283,-1.600540316655296,1.604984290601866,-0.15876802375209187,-1.022921770211368,0.38157644212033226,0.4373131870389607,-0.4759832787185611,0
0.09806753953894455,-0.03782472482289467,-1.8805610544823117,0.4991103715354056,2.0818084371231116,0.3625828517969826,1.2958717818630143,-0.12228198143875,1
-0.8617030702562581,-1.4458710577763283,1.1128273300014082,0.7575700448958436,-1.3167699279589993,-1.8839664637317877,0.03003147916408217,1.6366199579475198,0
1.7349365758368085,1.7439337702507676,-0.8900943781007076,0.3687108768215194,-1.1845772247051531,1.7283479170564853,-0.8567720938267928,-0.8998314443939698,1
1.186734620177331,-1.538540203220684,1.4931046357225122,1.4964300676047233,-1.7634155316537616,-1.4568762346007376,1.4363354057059785,1.9405030164905446,0
0.8467707752164937,-1.2605485939927943,1.1443645307673223,0.15357921969997712,-1.5055708126983798,0.20454432061935757,-2.1272274203514954,-0.23930916742133282,0
0.7127120288613313,-3.634813018126835,2.0031378767923593,-2.4773407856756977,0.9549876151539671,-0.9086505117036956,-1.8831502080585838,-1.4981379600974347,0
-0.965664803523208,1.1181606647164157,2.0129175410326834,-0.443634508712175,-0.428209189474537,2.5169268500222395,1.6291663649009451,-1.2254161354236872,1
0.8929538701087693,-0.7587496414129307,0.1361480840710425,2.3629152293271454,-1.8944398640439155,-0.8526674792740179,1.8296202017160872,1.9672515598934561,0
0.5027844268951942,-3.2989235644413273,1.3489425993428774,-0.461912858975966,-1.0717706734335004,-3.146026919927011,1.7963608229269636,1.175389788482443,0
1.0417246640588513,1.522386700885347,-0.802239609674093,0.8776078620182063,0.1564431174746781,1.4220103825277062,0.5835443030118876,-0.11352754413902835,1
-1.2021495260760888,1.202079363358572,-1.4925503720882591,-1.638450052062471,-0.24132701712658955,1.603242321082865,-0.39568071175626385,-2.5564838571074575,1
0.6954024745502987,1.1125231827378896,1.3956668311093532,-1.9681369942261489,-1.6841104943590182,0.09400043019544513,-1.1410085097527383,-1.1369226304077893,1
-1.0589075870566005,-1.2230618295142424,0.260824062883933,1.4333005639186602,1.8481308353372388,1.7118467926325656,1.4816634024625988,-0.012796029375238587,0
-0.3301200939664503,-0.4787270988396628,-0.5529275634120383,2.2059221702599174,-1.4340919479988692,-1.6561795626318812,-0.2116669819311769,2.331404942603778,0
0.48206672733538614,-0.5067879416983198,1.3885535384597865,1.0563102808325002,0.02246536604057947,2.2869623023491403,0.3687331473175197,-0.45177464127615025,0
-0.41790954576589057,-1.8089552393912034,2.279592774217103,-1.6193986455660077,2.27744943782475,-2.241749482069459,-2.025807873111377,0.8625764071252895,0
